rho e p
6.295e-12 5.856635799560546e-09 6.081587444152832e-15
1.5809999999999998e-11 1.4708680340270996e-08 3.0999915232849124e-14
3.972e-11 3.693942795410156e-08 1.517239644973755e-13
9.976e-11 9.27826870941162e-08 7.184639806671144e-13
2.506e-10 2.330420107574463e-07 3.2874512271118163e-12
6.294e-10 5.856635799560549e-07 1.4467942615356444e-11
1.5809999999999998e-09 1.4708680340270996e-06 6.087507224273681e-11
3.972e-09 3.69591605545044e-06 2.4409226698303223e-10
4.999999999999999e-09 4.652947174987793e-06 3.281531446990967e-10
9.976e-09 9.28418848953247e-06 8.956627322845458e-10
1.99e-08 1.852299199813843e-05 2.391591168823242e-09
3.972e-08 3.69591605545044e-05 6.2789134481811515e-09
7.924e-08 7.376046030578613e-05 1.625176969177246e-08
1.5810000000000002e-07 0.00014718546640472412 4.167525205078125e-08
1.9900000000000002e-07 0.00018532858298339844 5.4540907513427736e-08
3.1550000000000004e-07 0.00029381841999816895 1.0166235727539065e-07
5.000000000000001e-07 0.0004656893695068359 1.890580444595337e-07
6.294000000000001e-07 0.0005862555579681396 2.577077612609864e-07
7.924e-07 0.0007381965810699463 3.143403244171143e-07
9.976000000000002e-07 0.0009294054789733886 4.2819742874145513e-07
1.581e-06 0.001473038620071411 7.938425142059325e-07
2.506e-06 0.0023363398876953124 1.4704733820190427e-06
3.972e-06 0.0037038090956115727 2.7230988555908203e-06
5e-06 0.004662813475189209 3.5341087321472165e-06
6.294e-06 0.0058665020997619634 4.8068614581298834e-06
7.924e-06 0.007393805370941161 6.541357033538818e-06
9.976e-06 0.009305894349975587 8.893483001556397e-06
1.256e-05 0.01172313789932251 1.2096084046936036e-05
1.581e-05 0.014758011841278076 1.579002684234619e-05
1.99e-05 0.018584163059387208 2.1252010633850096e-05
2.506e-05 0.023402864077758788 2.8888526989746087e-05
3.155e-05 0.029480505001831053 3.713675395812988e-05
3.972e-05 0.03711702135772705 5.049572443084717e-05
5e-05 0.04674653035430908 6.864971680145264e-05
6.294e-05 0.05884261440124512 9.331546730499267e-05
7.923999999999998e-05 0.07415511231384275 0.00012688062059020998
9.976e-05 0.0933351999053955 0.0001620835797088623
0.0001105 0.1034382913116455 0.00018049409588470456
0.0001256 0.1175668332000732 0.00020541637019348143
0.0001581 0.1480931660232544 0.00027921629570007325
0.000199 0.1865125390075683 0.0003630798474121094
0.0002506 0.2350152707977294 0.0004704251936035156
0.0002572 0.2411323769226074 0.00048719790394592287
0.007360000000000002 6.921879641545217 0.009742068748373578
0.0128 12.047281307852009 0.017877334101379656
0.01824 17.177013729513966 0.030232513244457714
0.02368 22.311275902616647 0.048495064368562144
0.02912 27.45048581445731 0.07345562052286117
0.03456 32.59499324276283 0.1052434906530354
0.04 37.74502383364655 0.143573265877835
0.04544 42.900686420183725 0.1879428162432163
0.05088 48.061997710679954 0.2377725829659613
0.05632 53.228908498321005 0.292488483500354
0.06176 58.40132523095127 0.3515502588812526
0.06720000000000001 63.57912365708405 0.4144087996174193
0.07264000000000001 68.76214860794653 0.4802740911905785
0.07808000000000001 73.9501237084689 0.5445514140202458
0.08352 79.183004 0.609658
0.08896 84.382865 0.698476
0.0944 89.588408 0.796561
0.09984 94.799871 0.905177
0.10528 100.017541 1.025706
0.11072 105.241748 1.159633
0.11616 110.472832 1.306394
0.1216 115.711051 1.466546
0.12704 120.956765 1.643405
0.13248 126.210414 1.839198
0.13792 131.472489 2.056041
0.14336 136.743529 2.296091
0.1488 142.024114 2.561613
0.15424 147.314867 2.855034
0.15968 152.616457 3.178994
0.16512 157.929601 3.536391
0.17056 163.255069 3.930436
0.176 168.593692 4.364698
0.18144 173.946364 4.843159
0.18688 179.314051 5.370249
0.19232 184.697803 5.950887
0.19776 190.098752 6.590496
0.2032 195.518129 7.295007
0.20864 200.95726 8.070827
0.21408 206.41758 8.924789
0.21952 211.900625 9.864051
0.22496 217.408039 10.89597
0.2304 222.941564 12.027932
0.23584 228.503034 13.267161
0.24128 234.09436 14.620507
0.24672 239.717518 16.094236
0.25216 245.374525 17.693836
0.2576 251.067421 19.423857
0.26304 256.798244 21.287802
0.26848 262.56901 23.288071
0.27392 268.38169 25.425965
0.27936 274.238192 27.701738
0.2848 280.140344 30.114699
0.29024 286.089885 32.663332
0.29568 292.088452 35.34544
0.30112 298.137575 38.158287
0.30656 304.238678 41.098743
0.312 310.393072 44.163401
0.31744 316.601966 47.34869
0.32288 322.866461 50.650968
0.32832 329.187561 54.066591
0.33376 335.566178 57.59197
0.3392 342.003134 61.223615
0.34464 348.499172 64.958159
0.35008 355.054956 68.792384
0.35552 361.671085 72.723227
0.36096 368.348089 76.747786
0.3664 375.086445 80.863325
0.37184 381.886571 85.067261
0.37728 388.748839 89.35717
0.38272 395.673576 93.730772
0.38816 402.661069 98.185928
0.3936 409.711566 102.720627
0.39904 416.825283 107.332983
0.40448 424.002404 112.021222
0.40992 431.243086 116.783677
0.41536 438.547458 121.618777
0.4208 445.915629 126.525043
0.42624 453.347685 131.501078
0.43168 460.843691 136.545562
0.43712 468.403697 141.657247
0.44256 476.027735 146.83495
0.448 483.715822 152.077546
0.45344 491.467962 157.383968
0.45888 499.284145 162.753199
0.46432 507.164352 168.184269
0.46976 515.10855 173.676251
0.4752 523.1167 179.22826
0.48064 531.188751 184.839447
0.48608 539.324645 190.508996
0.49152 547.524316 196.236125
0.49696 555.787691 202.020082
0.5024 564.114692 207.860139
0.50784 572.505232 213.755597
0.51328 580.95922 219.705779
0.51872 589.476561 225.710032
0.52416 598.057154 231.76772
0.5296 606.700894 237.87823
0.53504 615.407672 244.040965
0.54048 624.177374 250.255347
0.54592 633.009884 256.52081
0.55136 641.905083 262.836807
0.5568 650.862847 269.202804
0.56224 659.883053 275.618278
0.56768 668.965571 282.082721
0.57312 678.110271 288.595636
0.57856 687.317021 295.156537
0.584 696.585686 301.764949
0.58944 705.91613 308.420406
0.59488 715.308215 315.122452
0.60032 724.761801 321.870641
0.60576 734.276747 328.664535
0.6112 743.852911 335.503705
0.61664 753.490147 342.387727
0.62208 763.188313 349.316188
0.62752 772.947261 356.288681
0.63296 782.766844 363.304805
0.6384 792.646915 370.364168
0.64384 802.587325 377.466381
0.64928 812.587925 384.611064
0.65472 822.648565 391.797841
0.66016 832.769093 399.026344
0.6656 842.949359 406.296208
0.67104 853.189211 413.607075
0.67648 863.488497 420.958592
0.68192 873.847064 428.350411
0.68736 884.26476 435.782187
0.6928 894.741432 443.253583
0.69824 905.276926 450.764263
0.70368 915.871089 458.313899
0.70912 926.523766 465.902166
0.71456 937.234805 473.528741
0.72 948.004051 481.193308
0.72544 958.831351 488.895554
0.73088 969.71655 496.63517
0.73632 980.659495 504.411851
0.74176 991.660032 512.225295
0.7472 1002.718006 520.075205
0.75264 1013.833264 527.961285
0.75808 1025.005652 535.883247
0.76352 1036.235018 543.840801
0.76896 1047.521206 551.833666
0.7744 1058.864065 559.861559
0.77984 1070.263441 567.924203
0.78528 1081.719181 576.021325
0.79072 1093.231134 584.152654
0.79616 1104.799145 592.317921
0.8016 1116.423065 600.516862
0.80704 1128.10274 608.749215
0.81248 1139.838019 617.01472
0.81792 1151.62875 625.313122
0.82336 1163.474785 633.644168
0.8288 1175.37597 642.007607
0.83424 1187.332157 650.403192
0.83968 1199.343195 658.830677
0.84512 1211.408936 667.28982
0.85056 1223.529229 675.780381
0.856 1235.703927 684.302124
0.86144 1247.93288 692.854814
0.86688 1260.215941 701.438218
0.87232 1272.552963 710.052108
0.87776 1284.943798 718.696257
0.8832 1297.3883 727.370439
0.88864 1309.886321 736.074432
0.89408 1322.437717 744.808018
0.89952 1335.042343 753.570977
0.90496 1347.700053 762.363095
0.9104 1360.410702 771.18416
0.91584 1373.174147 780.033959
0.92128 1385.990244 788.912286
0.92672 1398.858851 797.818933
0.93216 1411.779824 806.753696
0.9376 1424.753021 815.716373
0.94304 1437.778301 824.706766
0.94848 1450.855523 833.724674
0.95392 1463.984546 842.769904
0.95936 1477.16523 851.842261
0.9648 1490.397434 860.941553
0.97024 1503.681021 870.067592
0.97568 1517.015851 879.220188
0.98112 1530.401786 888.399157
0.98656 1543.838689 897.604314
0.992 1557.326422 906.835477
0.99744 1570.864849 916.092467
1.00288 1584.453833 925.375105
1.00832 1598.09324 934.683215
1.01376 1611.782933 944.016622
1.0192 1625.522779 953.375154
1.02464 1639.312643 962.758638
1.03008 1653.152392 972.166907
1.03552 1667.041893 981.599792
1.04096 1680.981013 991.057128
1.0464 1694.96962 1000.53875
1.05184 1709.007584 1010.044496
1.05728 1723.094772 1019.574206
1.06272 1737.231055 1029.127719
1.06816 1751.416303 1038.704879
1.0736 1765.650386 1048.30553
1.07904 1779.933175 1057.929517
1.08448 1794.264543 1067.576687
1.08992 1808.644361 1077.246889
1.09536 1823.072503 1086.939973
1.1008 1837.548841 1096.655791
1.10624 1852.07325 1106.394197
1.11168 1866.645603 1116.155045
1.11712 1881.265776 1125.938191
1.12256 1895.933644 1135.743493
1.128 1910.649082 1145.57081
1.13344 1925.411968 1155.420003
1.13888 1940.222177 1165.290933
1.14432 1955.079589 1175.183464
1.14976 1969.98408 1185.09746
1.1552 1984.935529 1195.032787
1.16064 1999.933815 1204.989313
1.16608 2014.978817 1214.966906
1.17152 2030.070416 1224.965437
1.17696 2045.208493 1234.984776
1.1824 2060.392927 1245.024796
1.18784 2075.623602 1255.085371
1.19328 2090.900398 1265.166376
1.19872 2106.223198 1275.267686
1.20416 2121.591887 1285.389181
1.2096 2137.006346 1295.530738
1.21504 2152.466461 1305.692237
1.22048 2167.972115 1315.873559
1.22592 2183.523195 1326.074587
1.23136 2199.119585 1336.295204
1.2368 2214.761172 1346.535294
1.24224 2230.447842 1356.794743
1.24768 2246.179482 1367.073439
1.25312 2261.955981 1377.371268
1.25856 2277.777225 1387.68812
1.264 2293.643105 1398.023885
1.26944 2309.553508 1408.378454
1.27488 2325.508324 1418.751719
1.28032 2341.507443 1429.143573
1.28576 2357.550757 1439.553911
1.2912 2373.638155 1449.982628
1.29664 2389.76953 1460.429621
1.30208 2405.944772 1470.894786
1.30752 2422.163776 1481.378022
1.31296 2438.426433 1491.879228
1.3184 2454.732637 1502.398304
1.32384 2471.082281 1512.935151
1.32928 2487.475261 1523.489673
1.33472 2503.911471 1534.061771
1.34016 2520.390806 1544.651349
1.3456 2536.913162 1555.258314
1.35104 2553.478435 1565.882569
1.35648 2570.086521 1576.524022
1.36192 2586.737319 1587.182581
1.36736 2603.430724 1597.858155
1.3728 2620.166636 1608.550651
1.37824 2636.944953 1619.259981
1.38368 2653.765573 1629.986055
1.38912 2670.628396 1640.728785
1.39456 2687.533322 1651.488085
1.4 2704.480251 1662.263867
